% 2x3x3
ps.shape0.name = '2x3x3';
ps.shape0.chnum = 24;
ps.shape0.no1.E10 = [8 11];
ps.shape0.no1.E11 = [20 23];
ps.shape0.no1.E12 = [13 15];
ps.shape0.no1.E13 = [16 18 19 21];
ps.shape0.no1.E14 = [22 24];
ps.shape0.no1.E15 = [14 17];
ps.shape0.no1.E16 = [2 5];
ps.shape0.no1.E17 = [10 12];
ps.shape0.no1.E18 = [4 6 7 9];
ps.shape0.no1.E19 = [1 3];
% 4x4
ps.shape1.name = '4x4';
ps.shape1.chnum = 24;
ps.shape1.no1.E11 = [1 4];
ps.shape1.no1.E12 = [2 3 6];
ps.shape1.no1.E13 = [5 8 9 12];
ps.shape1.no1.E14 = [7 10 14];
ps.shape1.no1.E15 = [11 15 18];
ps.shape1.no1.E16 = [13 16 17 20];
ps.shape1.no1.E17 = [19 22 23];
ps.shape1.no1.E18 = [21 24];
ps.shape1.no2.E21 = [1 4];
ps.shape1.no2.E22 = [2 3 6];
ps.shape1.no2.E23 = [5 8 9 12];
ps.shape1.no2.E24 = [7 10 14];
ps.shape1.no2.E25 = [11 15 18];
ps.shape1.no2.E26 = [13 16 17 20];
ps.shape1.no2.E27 = [19 22 23];
ps.shape1.no2.E28 = [21 24];
% 3x5
ps.shape2.name = '3x5';
ps.shape2.chnum = 22;
ps.shape2.no1.E11 = [1 5];
ps.shape2.no1.E12 = [2 3 7];
ps.shape2.no1.E13 = [4 9];
ps.shape2.no1.E14 = [6 10 11 15];
ps.shape2.no1.E15 = [8 12 13 17];
ps.shape2.no1.E16 = [14 19];
ps.shape2.no1.E17 = [16 20 21];
ps.shape2.no1.E18 = [18 22];
ps.shape2.no2.E21 = [1 5];
ps.shape2.no2.E22 = [2 3 7];
ps.shape2.no2.E23 = [4 9];
ps.shape2.no2.E24 = [6 10 11 15];
ps.shape2.no2.E25 = [8 12 13 17];
ps.shape2.no2.E26 = [14 19];
ps.shape2.no2.E27 = [16 20 21];
ps.shape2.no2.E28 = [18 22];
% 3x11
ps.shape3.name = '3x11';
ps.shape3.chnum = 52;
ps.shape3.no1.E11 = [1 11];
ps.shape3.no1.E12 = [2 3 13];
ps.shape3.no1.E13 = [4 5 15];
ps.shape3.no1.E14 = [6 7 17];
ps.shape3.no1.E15 = [8 9 19];
ps.shape3.no1.E16 = [10 21];
ps.shape3.no1.E17 = [12 22 23 33];
ps.shape3.no1.E18 = [14 24 25 35];
ps.shape3.no1.E19 = [16 26 27 37];
ps.shape3.no1.E21 = [18 28 29 39];
ps.shape3.no1.E22 = [20 30 31 41];
ps.shape3.no1.E23 = [32 43];
ps.shape3.no1.E24 = [34 44 45];
ps.shape3.no1.E25 = [36 46 47];
ps.shape3.no1.E26 = [38 48 49];
ps.shape3.no1.E27 = [40 50 51];
ps.shape3.no1.E28 = [42 52];